   1.1638637392871818E-003
   1.0219320041315505E-003
   9.0842981405658894E-004
   8.8573785452807736E-004
   8.7167630117929379E-004
   8.4907259645863680E-004
   8.4484814826020418E-004
   8.4424344096046297E-004
   8.3088047894959471E-004
   8.2946441434707404E-004
   8.2845236103096080E-004
   8.1969313643172814E-004
   8.1969313643172814E-004
   8.1675831348306828E-004
   8.1370485188405901E-004
   8.1370485188405901E-004
   8.1132941197908286E-004
   8.1132941197908286E-004
   8.1132941197908286E-004
   8.0976044533195510E-004
   8.0976044533195510E-004
   8.0976044533195510E-004
   8.0976044533195510E-004
   8.0976044533195510E-004
   8.0976044533195510E-004
   8.0976044533195510E-004
   8.0976044533195510E-004
   8.0976044533195510E-004
   8.0976044533195510E-004
   8.0976044533195510E-004
   8.0976044533195510E-004
   8.0976044533195510E-004
   8.0976044533195510E-004
   8.0976044533195510E-004
   8.0976044533195510E-004
   8.0976044533195510E-004
   8.0976044533195510E-004
   8.0976044533195510E-004
   8.0976044533195510E-004
   8.0976044533195510E-004
   8.0976044533195510E-004
   8.0976044533195510E-004
   8.0976044533195510E-004
   8.0976044533195510E-004
   8.0976044533195510E-004
   8.0976044533195510E-004
   8.0976044533195510E-004
   8.0976044533195510E-004
   8.0976044533195510E-004
   8.0976044533195510E-004
   8.0976044533195510E-004
   8.0976044533195510E-004
   8.0976044533195510E-004
   8.0976044533195510E-004
   8.0976044533195510E-004
   8.0976044533195510E-004
   8.0976044533195510E-004
   8.0976044533195510E-004
   8.0976044533195510E-004
   8.0976044533195510E-004
   8.0976044533195510E-004
   8.0976044533195510E-004
   8.0976044533195510E-004
   8.0976044533195510E-004
   8.0976044533195510E-004
   8.0976044533195510E-004
   8.0976044533195510E-004
   8.0976044533195510E-004
   8.0976044533195510E-004
   8.0976044533195510E-004
   8.0976044533195510E-004
   8.0976044533195510E-004
   8.0976044533195510E-004
   8.0976044533195510E-004
   8.0976044533195510E-004
   8.0976044533195510E-004
   8.0976044533195510E-004
   8.0976044533195510E-004
   8.0976044533195510E-004
   8.0976044533195510E-004
   8.0976044533195510E-004
   8.0976044533195510E-004
   8.0976044533195510E-004
   8.0976044533195510E-004
   8.0976044533195510E-004
   8.0976044533195510E-004
   8.0976044533195510E-004
   8.0976044533195510E-004
   8.0976044533195510E-004
   8.0976044533195510E-004
   8.0976044533195510E-004
   8.0976044533195510E-004
   8.0976044533195510E-004
   8.0976044533195510E-004
   8.0976044533195510E-004
   8.0976044533195510E-004
   8.0976044533195510E-004
   8.0976044533195510E-004
   8.0976044533195510E-004
   8.0976044533195510E-004
