   2.1496814683488082E-003
   2.1496814683488082E-003
   2.1150328055990898E-003
   2.1150328055990898E-003
   2.1150328055990898E-003
   2.1150328055990898E-003
   2.0939413299324440E-003
   2.0165484765448942E-003
   2.0165484765448942E-003
   2.0165484765448942E-003
   2.0165484765448942E-003
   2.0165484765448942E-003
   2.0165484765448942E-003
   2.0165484765448942E-003
   2.0165484765448942E-003
   2.0165484765448942E-003
   2.0165484765448942E-003
   2.0165484765448942E-003
   2.0165484765448942E-003
   2.0162377924656007E-003
   2.0162377924656007E-003
   2.0162377924656007E-003
   2.0162377924656007E-003
   2.0162377924656007E-003
   2.0162377924656007E-003
   2.0162377924656007E-003
   2.0162377924656007E-003
   2.0162377924656007E-003
   2.0162377924656007E-003
   2.0162377924656007E-003
   2.0162377924656007E-003
   2.0162377924656007E-003
   2.0162377924656007E-003
   2.0162377924656007E-003
   2.0162377924656007E-003
   2.0162377924656007E-003
   2.0162377924656007E-003
   2.0162377924656007E-003
   2.0162377924656007E-003
   2.0162377924656007E-003
   2.0162377924656007E-003
   2.0162377924656007E-003
   2.0162377924656007E-003
   2.0162377924656007E-003
   2.0162377924656007E-003
   2.0162377924656007E-003
   2.0162377924656007E-003
   2.0162377924656007E-003
   2.0162377924656007E-003
   2.0162377924656007E-003
   2.0162377924656007E-003
   2.0162377924656007E-003
   2.0162377924656007E-003
   2.0162377924656007E-003
   2.0162377924656007E-003
   2.0162377924656007E-003
   2.0162377924656007E-003
   2.0162377924656007E-003
   2.0162377924656007E-003
   2.0162377924656007E-003
   2.0162377924656007E-003
   2.0162377924656007E-003
   2.0162377924656007E-003
   2.0162377924656007E-003
   2.0162377924656007E-003
   2.0162377924656007E-003
   2.0162377924656007E-003
   2.0162377924656007E-003
   2.0162377924656007E-003
   2.0162377924656007E-003
   2.0162377924656007E-003
   2.0162377924656007E-003
   2.0162377924656007E-003
   2.0162377924656007E-003
   2.0162377924656007E-003
   2.0162377924656007E-003
   2.0162377924656007E-003
   2.0162377924656007E-003
   2.0162377924656007E-003
   2.0162377924656007E-003
   2.0162377924656007E-003
   2.0162377924656007E-003
   2.0162377924656007E-003
   2.0162377924656007E-003
   2.0162377924656007E-003
   2.0162377924656007E-003
   2.0162377924656007E-003
   2.0162377924656007E-003
   2.0162377924656007E-003
   2.0162377924656007E-003
   2.0162377924656007E-003
   2.0162377924656007E-003
   2.0162377924656007E-003
   2.0162377924656007E-003
   2.0162377924656007E-003
   2.0162377924656007E-003
   2.0162377924656007E-003
   2.0162377924656007E-003
   2.0162377924656007E-003
   2.0162377924656007E-003
   2.0162377924656007E-003
   2.0162377924656007E-003
   2.0162377924656007E-003
   2.0162377924656007E-003
   2.0162377924656007E-003
   2.0162377924656007E-003
   2.0162377924656007E-003
   2.0162377924656007E-003
   2.0162377924656007E-003
   2.0162377924656007E-003
   2.0162377924656007E-003
   2.0162377924656007E-003
   2.0162377924656007E-003
   2.0162377924656007E-003
   2.0162377924656007E-003
   2.0162377924656007E-003
   2.0162377924656007E-003
   2.0162377924656007E-003
   2.0162377924656007E-003
   2.0162377924656007E-003
   2.0162377924656007E-003
   2.0162377924656007E-003
   2.0162377924656007E-003
   2.0162377924656007E-003
   2.0162377924656007E-003
   2.0162377924656007E-003
   2.0162377924656007E-003
   2.0162377924656007E-003
   2.0162377924656007E-003
   2.0162377924656007E-003
   2.0162377924656007E-003
   2.0162377924656007E-003
   2.0162377924656007E-003
   2.0162377924656007E-003
   2.0162377924656007E-003
   2.0162377924656007E-003
   2.0162377924656007E-003
   2.0162377924656007E-003
   2.0162377924656007E-003
   2.0162377924656007E-003
   2.0162377924656007E-003
   2.0162377924656007E-003
   2.0162377924656007E-003
   2.0162377924656007E-003
   2.0162377924656007E-003
   2.0162377924656007E-003
   2.0162377924656007E-003
   2.0162377924656007E-003
   2.0162377924656007E-003
   2.0162377924656007E-003
   2.0162377924656007E-003
   2.0162377924656007E-003
   2.0162377924656007E-003
   2.0162377924656007E-003
   2.0162377924656007E-003
   2.0162377924656007E-003
   2.0162377924656007E-003
   2.0162377924656007E-003
   2.0162377924656007E-003
   2.0162377924656007E-003
   2.0162377924656007E-003
   2.0162377924656007E-003
   2.0162377924656007E-003
   2.0162377924656007E-003
   2.0162377924656007E-003
   2.0162377924656007E-003
   2.0162377924656007E-003
   2.0162377924656007E-003
   2.0162377924656007E-003
   2.0162377924656007E-003
   2.0162377924656007E-003
   2.0162377924656007E-003
   2.0162377924656007E-003
   2.0162377924656007E-003
   2.0162377924656007E-003
   2.0162377924656007E-003
   2.0162377924656007E-003
   2.0162377924656007E-003
   2.0162377924656007E-003
   2.0162377924656007E-003
   2.0162377924656007E-003
   2.0162377924656007E-003
   2.0162377924656007E-003
   2.0162377924656007E-003
   2.0162377924656007E-003
   2.0162377924656007E-003
   2.0162377924656007E-003
   2.0162377924656007E-003
   2.0162377924656007E-003
   2.0162377924656007E-003
   2.0162377924656007E-003
   2.0162377924656007E-003
   2.0162377924656007E-003
   2.0162377924656007E-003
   2.0162377924656007E-003
   2.0162377924656007E-003
   2.0162377924656007E-003
   2.0162377924656007E-003
   2.0162377924656007E-003
   2.0162377924656007E-003
