   1.1638637392871818E-003
   1.0347812739042068E-003
   9.2353821979463335E-004
   9.0217023473356808E-004
   8.8373100944177095E-004
   8.6301796177383711E-004
   8.6029106043471085E-004
   8.5058347664904188E-004
   8.3997266331290983E-004
   8.3981523097607089E-004
   8.3483688952194627E-004
   8.2742365032665156E-004
   8.2742365032665156E-004
   8.2595947032815904E-004
   8.2020272224769927E-004
   8.2020272224769927E-004
   8.2020272224769927E-004
   8.1615215306127167E-004
   8.1615215306127167E-004
   8.1615215306127167E-004
   8.1423290691304880E-004
   8.1394724767709333E-004
   8.1394724767709333E-004
   8.1362586378817153E-004
   8.1249924814345853E-004
   8.1249924814345853E-004
   8.1249924814345853E-004
   8.1169287359779191E-004
   8.1169287359779191E-004
   8.1169287359779191E-004
   8.1156097001704023E-004
   8.1156097001704023E-004
   8.1156097001704023E-004
   8.1156097001704023E-004
   8.1156097001704023E-004
   8.1156097001704023E-004
   8.1156097001704023E-004
   8.1125966174692130E-004
   8.1125966174692130E-004
   8.1125966174692130E-004
   8.1122479113756999E-004
   8.1122479113756999E-004
   8.1122479113756999E-004
   8.1122479113756999E-004
   8.1122479113756999E-004
   8.1122479113756999E-004
   8.1122479113756999E-004
   8.1122479113756999E-004
   8.1122479113756999E-004
   8.1122479113756999E-004
   8.1107103056385355E-004
   8.1107103056385355E-004
   8.1107103056385355E-004
   8.1107103056385355E-004
   8.1107103056385355E-004
   8.1107103056385355E-004
   8.1107103056385355E-004
   8.1107103056385355E-004
   8.1107103056385355E-004
   8.1107103056385355E-004
   8.1092347860622807E-004
   8.1092347860622807E-004
   8.1092347860622807E-004
   8.1092347860622807E-004
   8.1092347860622807E-004
   8.1092347860622807E-004
   8.1092347860622807E-004
   8.1092347860622807E-004
   8.1092347860622807E-004
   8.1092347860622807E-004
   8.1089130714104036E-004
   8.1089130714104036E-004
   8.1089130714104036E-004
   8.1089130714104036E-004
   8.1089130714104036E-004
   8.1089130714104036E-004
   8.1089130714104036E-004
   8.1089130714104036E-004
   8.1089130714104036E-004
   8.1089130714104036E-004
   8.1089130714104036E-004
   8.1089130714104036E-004
   8.1089130714104036E-004
   8.1089130714104036E-004
   8.1089130714104036E-004
   8.1089130714104036E-004
   8.1089130714104036E-004
   8.1089130714104036E-004
   8.1089130714104036E-004
   8.1089130714104036E-004
   8.1089130714104036E-004
   8.1089130714104036E-004
   8.1089130714104036E-004
   8.1089130714104036E-004
   8.1089130714104036E-004
   8.1089130714104036E-004
   8.1089130714104036E-004
   8.1089130714104036E-004
   8.1089130714104036E-004
   8.1089130714104036E-004
