   4.8107022679464337E-005
   4.0969734711823282E-005
   3.9575266124867213E-005
   3.8543373942982882E-005
   3.7273438005202394E-005
   3.6408413500743338E-005
   3.5612395769777597E-005
   3.4954460509708008E-005
   3.4377559968931792E-005
   3.3811880847462785E-005
   3.3279222548552941E-005
   3.2831775559734352E-005
   3.2449934978658312E-005
   3.2120355515128740E-005
   3.1837283866278086E-005
   3.1586571225922370E-005
   3.1367277534883848E-005
   3.1138745204515770E-005
   3.0938495348894655E-005
   3.0768241079601134E-005
   3.0623316000685743E-005
   3.0499814082853897E-005
   3.0394472914909243E-005
   3.0304590082120004E-005
   3.0227929038377038E-005
   3.0162617085557969E-005
   3.0107069876315114E-005
   3.0059938218289603E-005
   3.0020069396994641E-005
   2.9986475797683005E-005
   2.9958313171575885E-005
   2.9934852979184509E-005
   2.9915453926662098E-005
   2.9899562931954621E-005
   2.9886699515424854E-005
   2.9876445182469441E-005
   2.9868434987657177E-005
   2.9860322051414161E-005
   2.9849700971452763E-005
   2.9841103486616857E-005
   2.9834309352186841E-005
   2.9829117648017500E-005
   2.9825346412229878E-005
   2.9822829108616513E-005
   2.9821413409849849E-005
   2.9820960485272818E-005
   2.9821344023192002E-005
   2.9822449430356924E-005
   2.9824173087057309E-005
   2.9826421630706049E-005
   2.9828583075729155E-005
   2.9826718762645717E-005
   2.9825707837135188E-005
   2.9825460137391507E-005
   2.9825891076691990E-005
   2.9826921552177988E-005
   2.9828477892687194E-005
   2.9830491802119151E-005
   2.9832900267179833E-005
   2.9835645428243283E-005
   2.9838674417245396E-005
   2.9839550625354221E-005
   2.9839277726001410E-005
   2.9839570910680791E-005
   2.9840371035990400E-005
   2.9841622220275068E-005
   2.9843271921865073E-005
   2.9845270983303250E-005
   2.9847573639031879E-005
   2.9850137489613594E-005
   2.9852923446370076E-005
   2.9853193179071799E-005
   2.9853286252649114E-005
   2.9853824122962849E-005
   2.9854761908225170E-005
   2.9856057056111057E-005
   2.9857669415530693E-005
   2.9859561279184622E-005
   2.9861697399001064E-005
   2.9864044977227391E-005
   2.9865425497479654E-005
   2.9865402188474584E-005
   2.9865771560011535E-005
   2.9866496646227827E-005
   2.9867542214096762E-005
   2.9868874833995430E-005
   2.9870462927545124E-005
   2.9872276794390063E-005
   2.9874288619943092E-005
   2.9875914197704843E-005
   2.9875854569095254E-005
   2.9876141698975412E-005
   2.9876744673921576E-005
   2.9877633926771064E-005
   2.9878781297823036E-005
   2.9880160078499483E-005
   2.9881745038810957E-005
   2.9883512440103170E-005
   2.9884939880612510E-005
   2.9884899186690280E-005
